0.492376
0.486595
0.481028
0.475666
0.4705
0.465521
0.460723
0.456098
0.451638
0.447338
0.44319
0.439189
0.435328
0.431602
0.428005
0.424533
0.421181
0.417943
0.414816
0.411795
0.408875
0.406054
0.403327
0.400691
0.398142
0.395677
0.393293
0.390986
0.388755
0.386595
0.384505
0.382482
0.380523
0.378627
0.37679
0.375011
0.373288
0.371618
0.37
0.368432
0.366912
0.365438
0.36401
0.362624
0.361281
0.359978
0.358714
0.357487
0.356297
0.355142
0.354021
0.352933
0.351877
0.350851
0.349856
0.348888
0.347949
0.347036
0.34615
0.345289
0.344452
0.343638
0.342847
0.342079
0.341332
0.340606
0.339899
0.339212
0.338544
0.337895
0.337263
0.336648
0.33605
0.335468
0.334901
0.33435
0.333813
0.333291
0.332782
0.332287
0.331805
0.331336
0.330879
0.330433
0.33
0.329577
0.329166
0.328765
0.328374
0.327993
0.327622
0.32726
0.326908
0.326564
0.326229
0.325903
0.325584
0.325274
0.324971
0.324675
0.324387
0.324106
0.323832
0.323564
0.323303
0.323049
0.3228
0.322558
0.322321
0.32209
0.321864
0.321644
0.321429
0.321219
0.321014
0.320814
0.320618
0.320427
0.320241
0.320058
0.31988
0.319706
0.319536
0.31937
0.319208
0.319049
0.318894
0.318742
0.318594
0.318449
0.318308
0.318169
0.318033
0.317901
0.317771
0.317644
0.31752
0.317399
0.31728
0.317164
0.31705
0.316939
0.31683
0.316723
0.316619
0.316517
0.316417
0.316319
0.316223
0.316129
0.316037
0.315947
0.315858
0.315772
0.315687
0.315604
0.315523
0.315443
0.315365
0.315288
0.315213
0.315139
0.315067
0.314996
0.314927
0.314858
0.314792
0.314726
0.314662
0.314599
0.314537
0.314476
0.314416
0.314358
0.3143
0.314244
0.314189
0.314134
0.314081
0.314029
0.313977
0.313926
0.313877
0.313828
0.31378
0.313733
0.313687
0.313641
0.313596
0.313552
0.313509
0.313467
0.313425
0.313384
0.313344
0.313304
0.313265
0.313226
0.313189
0.313151
0.313115
0.313079
0.313043
0.313008
0.312974
0.31294
0.312907
0.312874
0.312842
0.31281
0.312779
0.312748
0.312718
0.312688
0.312658
0.312629
0.312601
0.312572
0.312545
0.312517
0.31249
0.312464
0.312437
0.312412
0.312386
0.312361
0.312336
0.312312
0.312287
0.312264
0.31224
0.312217
0.312194
0.312171
0.312149
0.312127
0.312105
0.312084
0.312063
0.312042
0.312021
0.312001
0.311981
0.311961
0.311941
0.311922
0.311903
0.311884
0.311865
0.311847
0.311829
0.311811
0.311793
0.311775
0.311758
0.311741
0.311724
0.311707
0.31169
0.311674
0.311658
0.311642
0.311626
0.31161
0.311595
0.311579
0.311564
0.311549
0.311534
0.311519
0.311505
0.31149
0.311476
0.311462
0.311448
0.311434
0.311421
0.311407
0.311394
0.31138
0.311367
0.311354
0.311341
0.311329
0.311316
0.311304
0.311291
0.311279
0.311267
0.311255
0.311243
0.311231
0.31122
0.311208
0.311197
0.311185
0.311174
0.311163
0.311152
0.311141
0.31113
0.311119
0.311109
0.311098
0.311088
0.311077
0.311067
0.311057
0.311047
0.311037
0.311027
0.311017
0.311007
0.310998
0.310988
0.310979
0.310969
0.31096
0.310951
0.310942
0.310932
0.310923
0.310915
0.310906
0.310897
0.310888
0.310879
0.310871
0.310862
0.310854
0.310846
0.310837
0.310829
0.310821
0.310813
0.310805
0.310797
0.310789
0.310781
0.310773
0.310766
0.310758
0.31075
0.310743
0.310735
0.310728
0.31072
0.310713
0.310706
0.310699
0.310691
0.310684
0.310677
0.31067
0.310663
0.310656
0.31065
0.310643
0.310636
0.310629
0.310623
0.310616
0.31061
0.310603
0.310597
0.31059
0.310584
0.310578
0.310572
0.310565
0.310559
0.310553
0.310547
0.310541
0.310535
0.310529
0.310523
0.310517
0.310511
0.310506
0.3105
0.310494
0.310489
0.310483
0.310477
0.310472
0.310466
0.310461
0.310456
0.31045
0.310445
0.310439
0.310434
0.310429
0.310424
0.310419
0.310414
0.310408
0.310403
0.310398
0.310393
0.310388
0.310384
0.310379
0.310374
0.310369
0.310364
0.31036
0.310355
0.31035
0.310345
0.310341
0.310336
0.310332
0.310327
0.310323
0.310318
0.310314
0.310309
0.310305
0.310301
0.310296
0.310292
0.310288
0.310284
0.310279
0.310275
0.310271
0.310267
0.310263
0.310259
0.310255
0.310251
0.310247
0.310243
0.310239
0.310235
0.310231
0.310227
0.310223
0.31022
0.310216
0.310212
0.310208
0.310205
0.310201
0.310197
0.310194
0.31019
0.310186
0.310183
0.310179
0.310176
0.310172
0.310169
0.310165
0.310162
0.310159
0.310155
0.310152
0.310149
0.310145
0.310142
0.310139
0.310135
0.310132
0.310129
0.310126
0.310123
0.31012
0.310116
0.310113
0.31011
0.310107
0.310104
0.310101
0.310098
0.310095
0.310092
0.310089
0.310086
0.310083
0.31008
0.310078
0.310075
0.310072
0.310069
0.310066
0.310064
0.310061
0.310058
0.310055
0.310053
0.31005
0.310047
0.310045
0.310042
0.310039
0.310037
0.310034
0.310031
0.310029
0.310026
0.310024
0.310021
0.310019
0.310016
0.310014
0.310011
0.310009
0.310007
0.310004
0.310002
0.309999
0.309997
0.309995
0.309992
0.30999
0.309988
0.309986
0.309983
0.309981
0.309979
0.309977
0.309974
0.309972
0.30997
0.309968
0.309966
0.309963
0.309961
0.309959
0.309957
0.309955
0.309953
0.309951
0.309949
0.309947
0.309945
0.309943
0.309941
0.309939
0.309937
0.309935
0.309933
0.309931
0.309929
0.309927
0.309925
0.309923
0.309921
0.30992
0.309918
0.309916
0.309914
0.309912
0.30991
0.309909
0.309907
0.309905
0.309903
0.309902
0.3099
0.309898
0.309896
0.309895
0.309893
0.309891
0.30989
0.309888
0.309886
0.309885
0.309883
0.309881
0.30988
0.309878
0.309877
0.309875
0.309873
0.309872
0.30987
0.309869
0.309867
0.309866
0.309864
0.309863
0.309861
0.30986
0.309858
0.309857
0.309855
0.309854
0.309852
0.309851
0.30985
0.309848
0.309847
0.309845
0.309844
0.309843
0.309841
0.30984
0.309838
0.309837
0.309836
0.309834
0.309833
0.309832
0.30983
0.309829
0.309828
0.309827
0.309825
0.309824
0.309823
0.309822
0.30982
0.309819
0.309818
0.309817
0.309815
0.309814
0.309813
0.309812
0.309811
0.309809
0.309808
0.309807
0.309806
0.309805
0.309804
0.309803
0.309801
0.3098
0.309799
0.309798
0.309797
0.309796
0.309795
0.309794
0.309793
0.309792
0.309791
0.30979
0.309788
0.309787
0.309786
0.309785
0.309784
0.309783
0.309782
0.309781
0.30978
0.309779
0.309778
0.309777
0.309776
0.309775
0.309774
0.309774
0.309773
0.309772
0.309771
0.30977
0.309769
0.309768
0.309767
0.309766
0.309765
0.309764
0.309763
0.309763
0.309762
0.309761
0.30976
0.309759
0.309758
0.309757
0.309757
0.309756
0.309755
0.309754
0.309753
0.309752
0.309752
0.309751
0.30975
0.309749
0.309748
0.309748
0.309747
0.309746
0.309745
0.309744
0.309744
0.309743
0.309742
0.309741
0.309741
0.30974
0.309739
0.309738
0.309738
0.309737
0.309736
0.309736
0.309735
0.309734
0.309733
0.309733
0.309732
0.309731
0.309731
0.30973
0.309729
0.309729
0.309728
0.309727
0.309727
0.309726
0.309725
0.309725
0.309724
0.309723
0.309723
0.309722
0.309721
0.309721
0.30972
0.30972
0.309719
0.309718
0.309718
0.309717
0.309716
0.309716
0.309715
0.309715
0.309714
0.309714
0.309713
0.309712
0.309712
0.309711
0.309711
0.30971
0.30971
0.309709
0.309708
0.309708
0.309707
0.309707
0.309706
0.309706
0.309705
0.309705
0.309704
0.309704
0.309703
0.309703
0.309702
0.309702
0.309701
0.309701
0.3097
0.3097
0.309699
0.309699
0.309698
0.309698
0.309697
0.309697
0.309696
0.309696
0.309695
0.309695
0.309694
0.309694
0.309693
0.309693
0.309692
0.309692
0.309692
0.309691
0.309691
0.30969
0.30969
0.309689
0.309689
0.309689
0.309688
0.309688
0.309687
0.309687
0.309686
0.309686
0.309686
0.309685
0.309685
0.309684
0.309684
0.309684
0.309683
0.309683
0.309682
0.309682
0.309682
0.309681
0.309681
0.30968
0.30968
0.30968
0.309679
0.309679
0.309679
0.309678
0.309678
0.309677
0.309677
0.309677
0.309676
0.309676
0.309676
0.309675
0.309675
0.309675
0.309674
0.309674
0.309674
0.309673
0.309673
0.309673
0.309672
0.309672
0.309672
0.309671
0.309671
0.309671
0.30967
0.30967
0.30967
0.309669
0.309669
0.309669
0.309669
0.309668
0.309668
0.309668
0.309667
0.309667
0.309667
0.309666
0.309666
0.309666
0.309666
0.309665
0.309665
0.309665
0.309664
0.309664
0.309664
0.309664
0.309663
0.309663
0.309663
0.309662
0.309662
0.309662
0.309662
0.309661
0.309661
0.309661
0.309661
0.30966
0.30966
0.30966
0.30966
0.309659
0.309659
0.309659
0.309659
0.309658
0.309658
0.309658
0.309658
0.309657
0.309657
0.309657
0.309657
0.309656
0.309656
0.309656
0.309656
0.309655
0.309655
0.309655
0.309655
0.309655
0.309654
0.309654
0.309654
0.309654
0.309653
0.309653
0.309653
0.309653
0.309653
0.309652
0.309652
0.309652
0.309652
0.309652
0.309651
0.309651
0.309651
0.309651
0.309651
0.30965
0.30965
0.30965
0.30965
0.30965
0.309649
0.309649
0.309649
0.309649
0.309649
0.309648
0.309648
0.309648
0.309648
0.309648
0.309648
0.309647
0.309647
0.309647
0.309647
0.309647
0.309646
0.309646
0.309646
0.309646
0.309646
0.309646
0.309645
0.309645
0.309645
0.309645
0.309645
0.309645
0.309644
0.309644
0.309644
0.309644
0.309644
0.309644
0.309644
0.309643
0.309643
0.309643
0.309643
0.309643
0.309643
0.309642
0.309642
0.309642
0.309642
0.309642
0.309642
0.309642
0.309641
0.309641
0.309641
0.309641
0.309641
0.309641
0.309641
0.30964
0.30964
0.30964
0.30964
0.30964
0.30964
0.30964
0.309639
0.309639
0.309639
0.309639
0.309639
0.309639
0.309639
0.309639
0.309638
0.309638
0.309638
0.309638
0.309638
0.309638
0.309638
0.309638
0.309637
