5.09795
5.13646
5.23378
5.67872
5.09795
5.12611
5.13655
5.39003
5.38109
5.62607
5.08818
5.62607
5.17108
5.89594
5.04358
5.07424
5.82386
5.30903
5.07753
5.42147
5.52904
5.42994
5.72898
5.27941
5.56598
5.46995
5.57215
5.72898
5.09399
5.40069
5.18962
5.47351
5.17635
5.11185
5.33673
5.28267
5.69787
5.77637
 4.5534
5.74261
5.74261
5.14354
5.60696
6.01933
5.24851
6.11966
4.64054
5.53617
5.46643
5.25739
5.35798
5.45401
5.48564
5.25581
5.58024
5.24906
5.70929
5.21395
5.37202
5.35879
5.34954
4.91834
5.37885
5.15236
5.46913
5.46913
 5.3599
5.56597
6.03116
5.84418
5.29304
4.91047
4.91268
5.04081
5.63195
5.64534
5.64534
5.35804
5.07054
5.37621
5.36539
5.20949
5.09123
5.04989
5.85366
5.51232
6.35458
5.48562
5.75306
5.06478
5.08562
6.35458
6.35498
5.48562
4.88345
5.89608
5.41566
 5.4017
5.11342
5.22385
5.40323
5.68483
5.22385
5.07828
5.27878
5.07828
5.22057
5.17389
5.54652
4.69238
5.57598
5.22921
5.24602
5.69624
5.57598
5.81861
5.47331
5.23788
5.70882
4.88366
4.27371
5.70882
5.07371
5.11902
5.07149
5.15257
4.86883
4.85485
5.90391
5.49995
4.77683
6.20167
6.20167
5.56413
5.00661
  5.318
5.27985
5.31848
5.04836
5.04779
  5.318
5.27985
6.95303
5.53757
6.95303
4.83652
5.03726
5.10644
 5.6182
 5.6592
5.80331
 5.5648
5.22995
5.22995
5.53887
5.52947
5.53887
5.52947
5.10762
 4.9457
5.03106
 5.6579
5.55733
4.95116
4.95771
5.04726
5.18012
5.12416
5.40736
5.49419
4.79679
5.48877
5.48877
  5.877
5.41303
5.52448
5.41303
5.52354
5.11283
5.34704
5.34704
5.02283
5.01849
5.01811
5.01144
5.39808
5.23361
5.17268
5.00457
5.02304
5.11056
5.52986
4.95132
5.42123
5.42123
4.98592
5.40465
6.19189
6.06011
5.21599
6.09858
5.55787
5.52625
5.31902
5.31374
6.12735
6.12735
4.97183
5.29286
6.19701
6.52412
5.16602
5.82752
5.36621
5.34123
5.56724
5.70185
 4.9891
5.37571
5.00683
5.46331
5.22471
5.38726
5.42844
5.41865
5.71028
5.60002
5.19332
5.71028
5.67888
5.98843
5.54833
5.57138
5.67888
4.71911
5.08141
5.08141
5.12502
5.08141
4.71911
5.24758
6.07954
5.18158
5.95842
5.95842
 5.5736
5.11474
5.05522
5.36989
 5.5736
5.94869
5.49896
5.86103
  4.895
5.49896
4.99663
5.59809
5.05941
4.99932
6.02908
5.56882
4.75929
5.54687
5.54878
6.09157
6.07909
 5.0463
6.72312
 5.4746
6.18581
5.73016
6.18581
5.79548
5.18515
5.16312
5.73016
 5.4746
6.18581
6.79489
5.85718
5.90053
5.67619
5.20239
5.85718
5.42101
5.42101
5.89108
5.79764
5.89324
5.49265
5.89324
5.65703
5.63018
5.70782
5.75861
5.54749
5.08116
5.28623
 5.3188
5.21428
5.71111
6.05405
5.38176
5.00217
 4.8325
5.41267
5.06878
5.36897
5.35515
5.55601
5.41267
5.08406
5.23461
5.05451
5.92756
5.93485
5.41373
5.36961
5.82711
5.36961
5.82711
 5.2363
5.32969
5.31136
5.46095
5.46095
6.13545
6.25332
5.82656
5.60478
6.38315
6.38315
5.04588
 5.7671
6.05377
6.18392
6.52213
5.71786
6.14039
6.40883
6.07697
6.33356
5.70694
5.70694
5.88163
5.42914
6.10035
6.54282
5.78302
5.30506
5.64992
5.27684
5.35919
 6.3685
  6.061
6.10684
6.15483
6.20987
5.95892
5.66254
5.10199
5.76175
5.49418
6.03936
5.55729
6.42425
5.55729
5.31714
5.32111
6.88458
 5.3216
5.71023
6.31665
5.21506
6.07224
 6.2862
6.29657
6.88458
6.77366
5.86752
5.83532
5.84885
5.83532
5.83532
5.32436
 5.4058
5.32033
5.23292
5.37765
5.74497
6.01753
5.84885
5.50596
4.80215
5.52454
6.57404
4.98298
5.76122
5.76122
5.14914
4.98298
6.00449
5.70597
5.63465
5.19735
5.94065
5.95396
5.94522
6.08999
5.56844
5.32089
5.31823
 4.9775
6.34927
5.11295
5.12029
 6.0914
5.21603
5.90241
5.25043
6.08781
5.85814
5.18255
6.45986
5.18255
5.85814
5.69848
5.43879
5.37634
5.36066
6.45986
5.17228
6.69887
5.48581
5.85766
5.48581
 5.4477
6.07541
5.85766
5.28402
6.01697
6.21178
5.80509
6.19577
6.39615
5.36691
5.91735
 6.0357
5.58477
5.95142
5.95142
5.26625
5.50702
6.20158
6.03713
6.54546
 5.4955
5.22621
6.20158
5.09176
6.02681
 5.2907
6.38535
4.72776
5.74481
5.84815
6.13969
 6.9952
5.50433
5.27928
5.94777
6.03026
5.94699
6.12074
5.89257
5.49625
5.81632
6.56855
5.49625
5.54967
 5.7401
6.60695
5.86602
5.87587
6.70056
5.41846
5.41846
5.41853
 6.1666
5.86628
5.47486
6.83383
6.96827
  5.729
 6.1225
6.15955
  5.223
5.98757
6.15955
  5.729
  5.223
6.37206
6.37206
6.48504
6.48823
6.51924
6.44956
5.39897
5.52886
6.32445
5.61757
5.52886
5.70901
6.18423
6.18423
5.15381
6.16268
 4.8524
6.44633
5.89946
5.99315
5.28112
5.58124
5.13546
5.24438
5.42301
5.89946
 6.0235
5.31496
5.31249
6.11496
5.76746
5.76746
6.76803
5.54566
6.11496
5.31249
5.58987
6.40195
5.92657
5.37379
6.09761
5.43114
5.83861
5.63185
5.17706
5.46493
6.22752
5.94357
5.19297
5.42922
5.74148
5.75004
5.16702
6.01372
6.01372
6.07448
6.01416
6.07448
 6.3802
5.94946
5.10202
5.14452
5.71357
 6.3802
5.94946
4.83406
4.83406
5.61326
6.05277
6.24319
6.05277
6.03434
5.27395
5.70496
6.06513
 5.5106
5.17977
5.23873
5.70829
 5.3834
 5.3834
5.27134
5.98194
6.01289
5.36781
6.27098
4.83898
6.78106
6.21951
5.32759
5.71549
5.32759
5.16049
5.08597
 5.0104
5.60504
5.61358
5.37206
5.49249
5.05269
5.35532
5.03085
5.35532
5.17231
5.23841
6.49289
5.62023
5.37386
6.35945
5.43409
5.61742
5.49208
5.78482
5.76074
5.15641
5.15641
6.08692
5.75476
5.76172
5.10251
5.10565
5.37361
6.38864
  5.355
  5.355
5.09361
5.09361
5.29437
4.99472
5.29437
5.64981
5.78151
5.24775
5.45349
5.20383
4.58948
4.59958
5.13678
6.49928
5.31245
5.18144
5.31245
5.18144
5.31245
5.51988
5.41364
 5.5851
6.03022
5.72002
5.54649
5.12604
7.35464
6.33531
5.41271
5.37072
5.54649
5.92134
 5.6454
5.50027
 5.6454
5.34917
5.47548
6.20263
5.78034
5.42256
5.24855
5.72188
5.70535
5.72188
5.68708
5.22533
4.27251
5.22533
5.63639
5.80377
5.63639
5.11354
5.08091
5.71721
 5.3325
 5.6406
5.46644
5.69178
4.44843
5.69178
5.08957
5.30022
5.24691
5.73556
 4.9331
4.71883
 5.0863
5.10797
5.11486
6.29904
5.32154
5.32154
5.16609
6.04737
4.95569
5.32154
5.31138
5.47231
5.24032
4.81816
5.17643
 5.6451
6.02497
5.84178
4.94881
5.01595
 5.0858
5.27046
5.07116
 5.2809
5.27046
 5.5888
5.35715
5.13893
5.35715
5.16636
5.65603
6.34417
5.25166
5.56133
5.68758
5.45134
5.45134
5.78472
4.87741
5.55666
5.01283
5.22201
5.22358
4.86982
4.86982
5.16863
5.20016
5.17246
5.82207
5.07394
5.28857
5.40923
5.25682
5.46918
5.23227
5.33637
5.48829
5.46918
5.22755
5.22755
5.22449
5.22755
5.10583
5.17802
5.27369
5.09409
5.09409
5.25224
5.14257
5.11058
5.39931
5.11058
5.14641
5.14354
5.16123
4.97866
 5.0701
5.16493
 5.0701
4.79505
4.91527
5.55415
5.54046
4.92363
4.97194
5.21961
5.75634
5.25675
5.10019
5.37047
4.99923
5.37047
5.17837
5.40979
5.40979
5.49692
5.49692
4.93824
5.47709
4.97726
5.13726
5.78135
6.56445
5.59717
5.52213
6.19073
5.76076
5.76076
5.01625
5.51754
6.41301
5.38101
5.54263
6.79968
6.79516
6.79968
5.43387
5.72518
5.71566
5.99789
5.94937
6.06159
6.14806
5.94937
5.73716
6.49836
5.07989
5.12605
5.29916
6.86114
5.39368
5.39368
5.71021
5.72882
6.21201
5.72882
6.43295
5.89518
5.70529
5.89518
5.66168
5.62463
5.12434
5.09499
6.11413
6.11413
6.34813
5.43415
6.40211
5.46238
5.82057
4.95909
6.26996
5.30535
5.30535
5.34093
5.30535
5.31078
5.46458
5.46458
5.67615
6.02329
6.02329
5.94822
6.02329
6.27883
6.15124
6.05572
 5.0106
5.15143
5.70012
5.07067
 5.0106
5.05252
6.16305
6.12798
6.05572
5.72313
 5.9074
5.62014
5.65143
6.29546
6.35052
 6.4334
5.92755
 5.9074
5.32673
5.03473
5.50959
5.84155
6.36775
5.03473
5.32673
5.48316
 5.4251
6.38205
5.77284
4.77455
5.70349
5.04504
  5.544
5.04504
5.10644
5.66783
6.61651
5.66783
6.61651
5.25341
6.34575
5.65946
5.65946
5.78468
5.78468
5.07536
5.69927
5.89263
5.72012
6.24758
6.59272
6.10687
6.35208
6.39535
6.24758
6.45664
5.24693
5.69208
6.00006
6.25576
5.80881
6.00006
6.25576
5.69208
6.24157
6.30182
6.08979
5.01315
6.24157
6.51681
5.59408
5.39006
5.38977
5.39006
5.59408
 6.2804
 6.2804
5.64923
6.65128
  5.942
6.58433
6.57059
5.60813
5.42369
6.43798
6.21271
6.51942
6.55738
6.64455
6.64455
6.64455
6.55738
6.27633
6.57502
6.23625
6.00014
 6.0914
5.91236
 5.8779
5.47632
6.22871
5.38182
5.39375
6.30185
6.22871
6.22241
 6.3251
4.85573
6.38769
5.55696
6.36266
6.36266
6.23292
5.91881
6.45431
5.28432
5.28432
4.87735
6.01779
 5.8984
5.87033
5.25732
6.57676
5.87033
 5.8984
 5.9281
6.24386
5.33261
5.51073
6.10056
5.51073
5.32784
5.41127
5.32784
5.25673
5.49751
6.16443
6.16443
5.02725
6.25334
6.21534
6.14035
6.55842
6.56932
5.70738
6.56932
6.55842
6.54856
6.40045
5.84489
6.53378
5.92795
4.94747
5.35516
5.87052
6.41299
 6.6307
6.59583
6.59583
5.65171
6.21286
6.21286
5.75805
6.42573
5.67222
 5.3232
6.48574
5.64185
  5.676
5.67222
5.91139
5.84734
5.09524
5.64681
5.13658
6.00417
6.56887
4.81979
6.60728
6.07367
5.11962
5.55744
6.07367
6.14296
6.31188
6.12872
5.56579
5.70751
6.03311
5.97853
5.70751
5.37729
6.27182
6.69567
5.02248
5.02248
6.23467
5.22415
6.11874
6.23467
6.01224
6.56468
6.13533
6.38943
  5.953
5.55254
6.42157
6.40249
6.40249
5.65613
6.38552
4.89895
5.42821
5.60865
4.89895
6.03676
 6.3836
6.02089
6.02089
5.69978
 6.4265
5.65878
 5.4208
6.33723
 5.4208
5.46996
6.32464
6.38227
5.82581
5.82581
6.42797
6.14229
5.99233
6.55909
5.47362
5.79864
5.47362
 5.3347
6.50987
 5.3347
6.69718
6.23355
5.89479
6.23355
6.41176
6.28342
6.58075
 6.5319
5.06918
5.76825
5.69752
6.10133
6.13453
 5.8104
6.62953
5.78602
5.78602
5.78602
6.70453
6.27055
6.63582
6.27698
6.26263
6.17263
5.86749
6.35338
 6.8299
5.68549
5.55705
5.78214
5.80047
5.45004
6.98123
6.04941
 6.5219
6.34013
6.16308
6.16308
5.24857
5.24702
5.41175
6.09822
6.22686
5.99274
5.72172
6.06124
5.59627
6.21061
6.17622
6.36697
6.78308
6.14918
5.31616
6.04677
5.86358
5.31616
6.45003
6.40702
6.17383
5.92832
6.18901
5.86862
6.49268
5.37773
5.37773
5.39647
5.86766
6.67695
6.30679
6.05841
6.04358
5.77465
6.49437
5.43987
5.43987
5.88641
5.35908
6.38583
5.45088
6.14941
6.14941
 6.1031
6.03051
5.14645
5.42264
6.02976
5.84416
6.02976
5.42264
4.91672
6.40171
5.16041
6.60142
5.15997
 5.0359
5.35212
 5.1794
5.53527
 6.2141
 5.1794
5.53527
 6.1388
6.27816
5.04366
6.15357
6.15357
6.15357
5.41977
6.15357
6.22388
5.61564
5.40985
5.61564
6.07673
5.90366
6.17689
5.23857
 6.5123
5.96087
 6.2084
6.20576
6.20576
5.19801
6.48985
6.06417
5.26836
5.29687
5.46597
6.58874
5.38984
 6.4923
 5.4188
5.38984
5.61997
6.07615
5.90399
5.48336
6.07615
5.13556
5.96169
5.16397
5.62342
6.37483
5.14426
5.59441
5.66345
5.26448
5.66345
6.07589
5.76312
5.76312
5.39843
5.20754
5.24549
5.70889
5.58339
5.18105
5.71213
5.74464
5.74464
5.05516
 5.3012
5.54973
5.06811
6.30857
5.58289
5.58289
6.41163
5.36108
6.81415
6.88049
6.07477
 5.8738
 5.2783
5.79916
5.01165
6.35295
5.28647
5.01165
